<?xml version="1.0"?>
<opencv_storage>
<rvecs>
  <_ type_id="opencv-matrix">
    <rows>3</rows>
    <cols>1</cols>
    <dt>d</dt>
    <data>
      2.9668196661545077e+00 -2.1569934674695538e-02
      -8.1242875348659260e-02</data></_>
  <_ type_id="opencv-matrix">
    <rows>3</rows>
    <cols>1</cols>
    <dt>d</dt>
    <data>
      -3.1194562219977056e+00 7.1020807823613539e-03
      1.4007913037127456e-01</data></_>
  <_ type_id="opencv-matrix">
    <rows>3</rows>
    <cols>1</cols>
    <dt>d</dt>
    <data>
      -2.9585745892699218e+00 -7.8087868214572987e-03
      9.7918240697806400e-02</data></_>
  <_ type_id="opencv-matrix">
    <rows>3</rows>
    <cols>1</cols>
    <dt>d</dt>
    <data>
      -3.0644285542457990e+00 2.3226521483634362e-02
      -7.3450407352515207e-02</data></_>
  <_ type_id="opencv-matrix">
    <rows>3</rows>
    <cols>1</cols>
    <dt>d</dt>
    <data>
      -2.3408014227599083e+00 6.0620368655508003e-02
      1.4778923522650186e-01</data></_>
  <_ type_id="opencv-matrix">
    <rows>3</rows>
    <cols>1</cols>
    <dt>d</dt>
    <data>
      -3.1287086742469992e+00 1.1915069847430795e-01
      8.4464199117271344e-01</data></_>
  <_ type_id="opencv-matrix">
    <rows>3</rows>
    <cols>1</cols>
    <dt>d</dt>
    <data>
      -2.9600456412817358e+00 8.4644555078448286e-02
      4.7079238324868755e-01</data></_>
  <_ type_id="opencv-matrix">
    <rows>3</rows>
    <cols>1</cols>
    <dt>d</dt>
    <data>
      -2.8904806883007401e+00 1.0618542730730922e-01
      6.8187679713671101e-01</data></_>
  <_ type_id="opencv-matrix">
    <rows>3</rows>
    <cols>1</cols>
    <dt>d</dt>
    <data>
      -3.0401927392731030e+00 -9.8079540030031678e-04
      6.3273474282260689e-01</data></_>
  <_ type_id="opencv-matrix">
    <rows>3</rows>
    <cols>1</cols>
    <dt>d</dt>
    <data>
      -2.5812972123914384e+00 1.6400765855778396e-01
      -8.1086137649735879e-01</data></_>
  <_ type_id="opencv-matrix">
    <rows>3</rows>
    <cols>1</cols>
    <dt>d</dt>
    <data>
      -3.1813994897191837e+00 2.8503631909114322e-04
      2.1467923816326295e-01</data></_>
  <_ type_id="opencv-matrix">
    <rows>3</rows>
    <cols>1</cols>
    <dt>d</dt>
    <data>
      -2.5948377764185917e+00 1.7172185214177255e-01
      1.3073632163910505e+00</data></_>
  <_ type_id="opencv-matrix">
    <rows>3</rows>
    <cols>1</cols>
    <dt>d</dt>
    <data>
      3.0781923291415092e+00 -1.0325938055906878e-02
      -6.1505203822498922e-01</data></_>
  <_ type_id="opencv-matrix">
    <rows>3</rows>
    <cols>1</cols>
    <dt>d</dt>
    <data>
      3.0482738982950521e+00 3.0854611919358007e-02
      -6.3344998996410617e-01</data></_>
  <_ type_id="opencv-matrix">
    <rows>3</rows>
    <cols>1</cols>
    <dt>d</dt>
    <data>
      -2.7590603757937693e+00 4.1766761582236370e-02
      5.7239534678532000e-01</data></_>
  <_ type_id="opencv-matrix">
    <rows>3</rows>
    <cols>1</cols>
    <dt>d</dt>
    <data>
      3.0824479165447869e+00 -1.2808407114144320e-02
      -5.6158055301705756e-01</data></_>
  <_ type_id="opencv-matrix">
    <rows>3</rows>
    <cols>1</cols>
    <dt>d</dt>
    <data>
      -3.0881140680030241e+00 -1.2243174170938642e-03
      7.6391481075990001e-03</data></_>
  <_ type_id="opencv-matrix">
    <rows>3</rows>
    <cols>1</cols>
    <dt>d</dt>
    <data>
      -3.0412611713772555e+00 3.6874005087302070e-02
      -6.1214536340137815e-01</data></_>
  <_ type_id="opencv-matrix">
    <rows>3</rows>
    <cols>1</cols>
    <dt>d</dt>
    <data>
      3.0509631747770660e+00 -7.0809067364109413e-02
      5.5105662328477101e-01</data></_>
  <_ type_id="opencv-matrix">
    <rows>3</rows>
    <cols>1</cols>
    <dt>d</dt>
    <data>
      3.0228305262009960e+00 -1.9943692025328297e-03
      -6.9993993955742073e-02</data></_>
  <_ type_id="opencv-matrix">
    <rows>3</rows>
    <cols>1</cols>
    <dt>d</dt>
    <data>
      2.8882974913255914e+00 -1.2321716433872141e-02
      -6.3814083422650081e-01</data></_>
  <_ type_id="opencv-matrix">
    <rows>3</rows>
    <cols>1</cols>
    <dt>d</dt>
    <data>
      -2.8382397249639384e+00 1.8818632458499598e-02
      1.0351387192618811e-01</data></_>
  <_ type_id="opencv-matrix">
    <rows>3</rows>
    <cols>1</cols>
    <dt>d</dt>
    <data>
      2.9853143445949053e+00 -2.3214946787426676e-02
      -6.6217898624963606e-02</data></_>
  <_ type_id="opencv-matrix">
    <rows>3</rows>
    <cols>1</cols>
    <dt>d</dt>
    <data>
      -2.8109614771188882e+00 2.4892969916155531e-02
      1.9736614076790668e-01</data></_>
  <_ type_id="opencv-matrix">
    <rows>3</rows>
    <cols>1</cols>
    <dt>d</dt>
    <data>
      -3.0256163558785900e+00 -2.6217474670132676e-02
      1.3036144731258223e-01</data></_>
  <_ type_id="opencv-matrix">
    <rows>3</rows>
    <cols>1</cols>
    <dt>d</dt>
    <data>
      -2.8434228474006025e+00 -1.7933251856302124e-02
      -2.5154863742228067e-01</data></_>
  <_ type_id="opencv-matrix">
    <rows>3</rows>
    <cols>1</cols>
    <dt>d</dt>
    <data>
      -3.0986929731644159e+00 -4.0212029211305053e-02
      4.8464153804403215e-01</data></_>
  <_ type_id="opencv-matrix">
    <rows>3</rows>
    <cols>1</cols>
    <dt>d</dt>
    <data>
      -3.0782315232238862e+00 -2.9586740645891008e-02
      4.5596391111408358e-01</data></_>
  <_ type_id="opencv-matrix">
    <rows>3</rows>
    <cols>1</cols>
    <dt>d</dt>
    <data>
      -3.0915413545557664e+00 7.5984504376690326e-03
      -3.5865188613938631e-01</data></_>
  <_ type_id="opencv-matrix">
    <rows>3</rows>
    <cols>1</cols>
    <dt>d</dt>
    <data>
      -3.1362934022183255e+00 -8.5266993921668897e-03
      -2.2346250008029417e-01</data></_>
  <_ type_id="opencv-matrix">
    <rows>3</rows>
    <cols>1</cols>
    <dt>d</dt>
    <data>
      2.4873288951133521e+00 1.7285886050508120e-01
      -1.0098082843416760e+00</data></_>
  <_ type_id="opencv-matrix">
    <rows>3</rows>
    <cols>1</cols>
    <dt>d</dt>
    <data>
      -3.0005378381356098e+00 4.1091463789344335e-02
      1.3137638270599644e-01</data></_></rvecs>
